lastAccountName: Xileforce
timestamps:
  login: 1417394208447
  logout: 1417394244612
ipAddress: 127.0.0.1
lastlocation:
  world: World
  x: -91.5
  y: 68.0
  z: 98.5
  yaw: 0.0
  pitch: 0.0
logoutlocation:
  world: world
  x: 164.69999998807907
  y: 53.96643052471894
  z: 248.30000001192093
  yaw: 22.95
  pitch: -90.0
