timestamps:
  login: 1407570602450
  logout: 1407570635952
ipAddress: 72.209.41.57
lastlocation:
  world: world
  x: -26.5
  y: 64.0
  z: -10.5
  yaw: 0.0
  pitch: 0.0
logoutlocation:
  world: DIM_SPACESTATION2
  x: -0.5
  y: 64.0
  z: -18.5
  yaw: -0.7346821
  pitch: 1.9500674
lastAccountName: jhawkstalker
