timestamps:
  login: 1405442903245
  logout: 1405442909905
ipAddress: 176.249.213.235
lastlocation:
  world: world
  x: 13.5
  y: 115.0
  z: -28.5
  yaw: 0.0
  pitch: 0.0
logoutlocation:
  world: DIM_SPACESTATION2
  x: 0.5
  y: 64.0
  z: -18.5
  yaw: -0.7346821
  pitch: 1.9500674
lastAccountName: xmattmasterx
