timestamps:
  login: 1405788854909
  logout: 1405789347071
ipAddress: 24.111.57.145
lastlocation:
  world: world
  x: 17.5
  y: 72.0
  z: 9.5
  yaw: 0.0
  pitch: 0.0
logoutlocation:
  world: world
  x: 9.329700905398504
  y: 79.0
  z: -4.80098404191523
  yaw: 64.665146
  pitch: 29.999994
lastAccountName: tigerstar186
