timestamps:
  login: 1406223382915
  logout: 1406223395920
ipAddress: 77.169.69.193
lastlocation:
  world: world
  x: 9.5
  y: 99.0
  z: -17.5
  yaw: 0.0
  pitch: 0.0
logoutlocation:
  world: DIM_SPACESTATION2
  x: 0.5
  y: 64.0
  z: -18.5
  yaw: -0.7346821
  pitch: 1.9500674
lastAccountName: jesseb12
