timestamps:
  login: 1407038021052
  logout: 1407038045976
ipAddress: 24.107.232.83
lastlocation:
  world: world
  x: -29.5
  y: 61.0
  z: -20.5
  yaw: 0.0
  pitch: 0.0
logoutlocation:
  world: world
  x: -35.90302678717242
  y: 65.0
  z: -5.951202543600198
  yaw: 65.11506
  pitch: 49.949966
lastAccountName: byakuren67856
