timestamps:
  login: 1407076083883
  logout: 1407076090827
ipAddress: 90.229.179.197
lastlocation:
  world: world
  x: -16.5
  y: 59.0
  z: 2.5
  yaw: 0.0
  pitch: 0.0
logoutlocation:
  world: DIM_SPACESTATION2
  x: 0.5
  y: 71.0
  z: -18.5
  yaw: -0.7346821
  pitch: 1.9500674
lastAccountName: stiedidr
