timestamps:
  login: 1412115291213
  logout: 1412115300586
ipAddress: 173.17.106.115
lastlocation:
  world: world
  x: -25.5
  y: 58.0
  z: 4.5
  yaw: 0.0
  pitch: 0.0
logoutlocation:
  world: DIM_SPACESTATION2
  x: -0.5
  y: 65.0
  z: -19.5
  yaw: -0.7346821
  pitch: 1.9500674
lastAccountName: telamon1122
