timestamps:
  login: 1407371320988
  logout: 1407372411441
ipAddress: 173.173.3.210
lastlocation:
  world: world
  x: -28.5
  y: 64.0
  z: -10.5
  yaw: 0.0
  pitch: 0.0
logoutlocation:
  world: world
  x: -534.486254338155
  y: 70.0
  z: -300.0028188869384
  yaw: 80.41548
  pitch: 10.800019
lastAccountName: keilad
