timestamps:
  login: 1407809565873
  logout: 1407809577264
ipAddress: 184.189.227.221
lastlocation:
  world: world
  x: -4.5
  y: 58.0
  z: 21.5
  yaw: 0.0
  pitch: 0.0
logoutlocation:
  world: DIM_SPACESTATION2
  x: -0.5
  y: 64.0
  z: -18.5
  yaw: -0.7346821
  pitch: 1.9500674
lastAccountName: legomaster63
