timestamps:
  login: 1408566989927
  logout: 1408566999025
ipAddress: 72.185.6.110
lastlocation:
  world: world
  x: 8.5
  y: 65.0
  z: 5.5
  yaw: 0.0
  pitch: 0.0
logoutlocation:
  world: DIM_SPACESTATION2
  x: -0.5
  y: 64.0
  z: -18.5
  yaw: -0.7346821
  pitch: 1.9500674
lastAccountName: 6a8ri3l
