timestamps:
  login: 1407356397952
  logout: 1407356730938
ipAddress: 74.73.17.242
lastlocation:
  world: world
  x: 16.5
  y: 65.0
  z: 20.5
  yaw: 0.0
  pitch: 0.0
logoutlocation:
  world: DIM_SPACESTATION2
  x: -4.097953159445887
  y: 64.0
  z: 15.775513674079505
  yaw: 97.81572
  pitch: -2.099996
lastAccountName: jamaicanbanana3
