timestamps:
  login: 1409905723890
  logout: 1409906045652
ipAddress: 121.213.241.185
lastlocation:
  world: world
  x: 12.5
  y: 63.0
  z: 27.5
  yaw: 0.0
  pitch: 0.0
logoutlocation:
  world: world
  x: 63.69999998807907
  y: 66.0
  z: 23.460094057973166
  yaw: -240.73492
  pitch: -54.599953
lastAccountName: bluestorm24
