timestamps:
  login: 1403832791147
  lastteleport: 1403834076889
  logout: 1403834135670
ipAddress: 24.203.1.124
lastlocation:
  world: DIM_SPACESTATION2
  x: 0.5159567020600662
  y: 64.0
  z: -18.55457373061279
  yaw: -1.034682
  pitch: 2.4000676
logoutlocation:
  world: DIM_SPACESTATION2
  x: 0.5124241356970742
  y: 64.0
  z: -18.977380694533164
  yaw: -0.7346821
  pitch: 1.9500674
lastAccountName: vincenzo0o0
