timestamps:
  login: 1412025063415
  logout: 1412025190832
ipAddress: 24.45.233.2
lastlocation:
  world: world
  x: -1.5
  y: 66.0
  z: -4.5
  yaw: 0.0
  pitch: 0.0
logoutlocation:
  world: world
  x: 2.905808339556823
  y: 68.0
  z: -2.8088429351214113
  yaw: 17.715382
  pitch: -64.65008
lastAccountName: bulent1969
