timestamps:
  login: 1407803075282
  logout: 1407803096286
ipAddress: 24.2.46.204
lastlocation:
  world: world
  x: 17.5
  y: 106.0
  z: -17.5
  yaw: 0.0
  pitch: 0.0
logoutlocation:
  world: DIM_SPACESTATION2
  x: -0.5
  y: 64.0
  z: -18.5
  yaw: -0.7346821
  pitch: 1.9500674
lastAccountName: caboy04
