timestamps:
  login: 1411767826585
ipAddress: 122.107.46.162
lastlocation:
  world: world
  x: -6.5
  y: 73.0
  z: 4.5
  yaw: 0.0
  pitch: 0.0
logoutlocation:
  world: world
  x: -185.4196130371123
  y: 86.0
  z: 113.69999998807907
  yaw: -87.8847
  pitch: 3.900043
lastAccountName: johnthepirate_
