timestamps:
  login: 1407576224386
  logout: 1407576232734
ipAddress: 67.185.214.148
lastlocation:
  world: world
  x: -3.5
  y: 66.0
  z: 3.5
  yaw: 0.0
  pitch: 0.0
logoutlocation:
  world: DIM_SPACESTATION2
  x: -0.5
  y: 64.0
  z: -18.5
  yaw: -0.7346821
  pitch: 1.9500674
lastAccountName: rainbowninjaswag
