timestamps:
  login: 1411692977263
  logout: 1411693001669
ipAddress: 71.101.208.140
lastlocation:
  world: world
  x: -21.5
  y: 59.0
  z: 27.5
  yaw: 0.0
  pitch: 0.0
logoutlocation:
  world: DIM_SPACESTATION2
  x: 1.5
  y: 64.0
  z: -17.5
  yaw: -0.7346821
  pitch: 1.9500674
lastAccountName: starcloud5
