timestamps:
  login: 1411875146845
  logout: 1411875248980
ipAddress: 71.90.70.26
lastlocation:
  world: world
  x: 19.5
  y: 94.0
  z: -5.5
  yaw: 0.0
  pitch: 0.0
logoutlocation:
  world: DIM_SPACESTATION2
  x: 1.5
  y: 64.20000000298023
  z: -18.5
  yaw: -0.7346821
  pitch: 1.9500674
lastAccountName: thecoke254
