timestamps:
  login: 1407378356283
  logout: 1407378444352
  lastteleport: 1407185638987
ipAddress: 97.103.200.202
lastlocation:
  world: world
  x: -24.602117702378713
  y: 67.0
  z: -26.233613153865225
  yaw: 82.967125
  pitch: 4.055806
logoutlocation:
  world: world
  x: -16.300000011920933
  y: 77.0
  z: 409.2126638639674
  yaw: -125.500046
  pitch: 18.209988
lastAccountName: joeynsb
