timestamps:
  login: 1409264773133
  logout: 1409264791451
ipAddress: 108.213.196.45
lastlocation:
  world: world
  x: -9.5
  y: 61.0
  z: 2.5
  yaw: 0.0
  pitch: 0.0
logoutlocation:
  world: DIM_SPACESTATION2
  x: -0.5
  y: 64.0
  z: -17.5
  yaw: -0.7346821
  pitch: 1.9500674
lastAccountName: buttermaster25
