timestamps:
  login: 1405207981210
  logout: 1405208685300
ipAddress: 108.254.94.232
lastlocation:
  world: world
  x: 25.5
  y: 66.0
  z: 17.5
  yaw: 0.0
  pitch: 0.0
logoutlocation:
  world: DIM_SPACESTATION2
  x: 0.5124241356970742
  y: 64.0
  z: -18.977380694533164
  yaw: -0.7346821
  pitch: 1.9500674
lastAccountName: oddyst
