timestamps:
  login: 1409346037732
  logout: 1409346207634
ipAddress: 92.239.176.204
lastlocation:
  world: world
  x: -1.5
  y: 69.0
  z: -10.5
  yaw: 0.0
  pitch: 0.0
logoutlocation:
  world: DIM_SPACESTATION2
  x: -0.5
  y: 64.9
  z: -17.5
  yaw: -0.7346821
  pitch: 1.9500674
lastAccountName: robbied39
