timestamps:
  login: 1409863229609
  logout: 1409863594884
ipAddress: 177.206.124.176
lastlocation:
  world: world
  x: 29.5
  y: 65.0
  z: 19.5
  yaw: 0.0
  pitch: 0.0
logoutlocation:
  world: world
  x: 0.8937167249715761
  y: 66.0
  z: 21.588530451432348
  yaw: 177.01488
  pitch: 11.399998
lastAccountName: falokii
